20
0 0 1
0 1 7
0 2 4
0 3 0
0 4 9
0 5 4
0 6 8
0 7 8
0 8 2
0 9 4
0 10 5
0 11 5
0 12 1
0 13 7
0 14 1
0 15 1
0 16 5
0 17 2
0 18 7
0 19 6
1 0 1
1 1 4
1 2 2
1 3 3
1 4 2
1 5 2
1 6 1
1 7 6
1 8 8
1 9 5
1 10 7
1 11 6
1 12 1
1 13 8
1 14 9
1 15 2
1 16 7
1 17 9
1 18 5
1 19 4
2 0 3
2 1 1
2 2 2
2 3 3
2 4 3
2 5 4
2 6 1
2 7 1
2 8 3
2 9 8
2 10 7
2 11 4
2 12 2
2 13 7
2 14 7
2 15 9
2 16 3
2 17 1
2 18 9
2 19 8
3 0 6
3 1 5
3 2 0
3 3 2
3 4 8
3 5 6
3 6 0
3 7 2
3 8 4
3 9 8
3 10 6
3 11 5
3 12 0
3 13 9
3 14 0
3 15 0
3 16 6
3 17 1
3 18 3
3 19 8
4 0 9
4 1 3
4 2 4
4 3 4
4 4 6
4 5 0
4 6 6
4 7 6
4 8 1
4 9 8
4 10 4
4 11 9
4 12 6
4 13 3
4 14 7
4 15 8
4 16 8
4 17 2
4 18 9
4 19 1
5 0 3
5 1 5
5 2 9
5 3 8
5 4 4
5 5 0
5 6 7
5 7 6
5 8 3
5 9 6
5 10 1
5 11 5
5 12 4
5 13 2
5 14 0
5 15 9
5 16 7
5 17 3
5 18 7
5 19 2
6 0 6
6 1 0
6 2 1
6 3 6
6 4 5
6 5 7
6 6 5
6 7 4
6 8 1
6 9 2
6 10 0
6 11 0
6 12 1
6 13 4
6 14 6
6 15 0
6 16 7
6 17 1
6 18 7
6 19 7
7 0 7
7 1 7
7 2 3
7 3 3
7 4 5
7 5 9
7 6 9
7 7 8
7 8 1
7 9 8
7 10 2
7 11 6
7 12 6
7 13 0
7 14 3
7 15 8
7 16 0
7 17 1
7 18 2
7 19 5
8 0 0
8 1 9
8 2 4
8 3 7
8 4 8
8 5 3
8 6 5
8 7 1
8 8 2
8 9 0
8 10 1
8 11 6
8 12 4
8 13 0
8 14 6
8 15 1
8 16 8
8 17 9
8 18 8
8 19 4
9 0 1
9 1 4
9 2 3
9 3 9
9 4 8
9 5 8
9 6 0
9 7 8
9 8 7
9 9 7
9 10 8
9 11 3
9 12 8
9 13 3
9 14 7
9 15 1
9 16 0
9 17 7
9 18 3
9 19 4
10 0 9
10 1 6
10 2 5
10 3 1
10 4 0
10 5 9
10 6 9
10 7 6
10 8 8
10 9 3
10 10 4
10 11 8
10 12 4
10 13 9
10 14 9
10 15 2
10 16 5
10 17 5
10 18 3
10 19 3
11 0 3
11 1 7
11 2 4
11 3 3
11 4 8
11 5 0
11 6 8
11 7 8
11 8 0
11 9 6
11 10 8
11 11 1
11 12 9
11 13 8
11 14 9
11 15 7
11 16 2
11 17 2
11 18 8
11 19 2
12 0 8
12 1 9
12 2 0
12 3 7
12 4 8
12 5 1
12 6 5
12 7 8
12 8 6
12 9 1
12 10 2
12 11 4
12 12 2
12 13 5
12 14 8
12 15 6
12 16 2
12 17 6
12 18 5
12 19 3
13 0 9
13 1 2
13 2 4
13 3 6
13 4 1
13 5 8
13 6 2
13 7 1
13 8 1
13 9 9
13 10 7
13 11 6
13 12 2
13 13 9
13 14 5
13 15 2
13 16 0
13 17 0
13 18 3
13 19 9
14 0 1
14 1 8
14 2 1
14 3 9
14 4 5
14 5 3
14 6 2
14 7 5
14 8 2
14 9 5
14 10 8
14 11 6
14 12 7
14 13 7
14 14 2
14 15 2
14 16 9
14 17 4
14 18 1
14 19 9
15 0 6
15 1 9
15 2 8
15 3 2
15 4 5
15 5 5
15 6 4
15 7 9
15 8 1
15 9 2
15 10 5
15 11 0
15 12 8
15 13 3
15 14 9
15 15 3
15 16 9
15 17 6
15 18 7
15 19 9
16 0 9
16 1 7
16 2 6
16 3 9
16 4 3
16 5 5
16 6 7
16 7 6
16 8 6
16 9 5
16 10 8
16 11 2
16 12 5
16 13 4
16 14 4
16 15 1
16 16 6
16 17 1
16 18 6
16 19 3
17 0 3
17 1 5
17 2 5
17 3 3
17 4 2
17 5 8
17 6 2
17 7 5
17 8 3
17 9 6
17 10 1
17 11 8
17 12 6
17 13 2
17 14 1
17 15 4
17 16 6
17 17 2
17 18 9
17 19 1
18 0 5
18 1 0
18 2 3
18 3 6
18 4 4
18 5 9
18 6 2
18 7 9
18 8 3
18 9 4
18 10 4
18 11 0
18 12 5
18 13 9
18 14 6
18 15 3
18 16 4
18 17 2
18 18 8
18 19 8
19 0 7
19 1 5
19 2 8
19 3 1
19 4 2
19 5 5
19 6 7
19 7 4
19 8 4
19 9 4
19 10 4
19 11 4
19 12 2
19 13 9
19 14 3
19 15 0
19 16 7
19 17 7
19 18 8
19 19 7
3
0
3
8
2
5
2
0
3
7
2
9
7
5
3
4
3
2
1
1
