50
0 0 1
0 1 7
0 2 4
0 3 0
0 4 9
0 5 4
0 6 8
0 7 8
0 8 2
0 9 4
0 10 5
0 11 5
0 12 1
0 13 7
0 14 1
0 15 1
0 16 5
0 17 2
0 18 7
0 19 6
0 20 1
0 21 4
0 22 2
0 23 3
0 24 2
0 25 2
0 26 1
0 27 6
0 28 8
0 29 5
0 30 7
0 31 6
0 32 1
0 33 8
0 34 9
0 35 2
0 36 7
0 37 9
0 38 5
0 39 4
0 40 3
0 41 1
0 42 2
0 43 3
0 44 3
0 45 4
0 46 1
0 47 1
0 48 3
0 49 8
1 0 7
1 1 4
1 2 2
1 3 7
1 4 7
1 5 9
1 6 3
1 7 1
1 8 9
1 9 8
1 10 6
1 11 5
1 12 0
1 13 2
1 14 8
1 15 6
1 16 0
1 17 2
1 18 4
1 19 8
1 20 6
1 21 5
1 22 0
1 23 9
1 24 0
1 25 0
1 26 6
1 27 1
1 28 3
1 29 8
1 30 9
1 31 3
1 32 4
1 33 4
1 34 6
1 35 0
1 36 6
1 37 6
1 38 1
1 39 8
1 40 4
1 41 9
1 42 6
1 43 3
1 44 7
1 45 8
1 46 8
1 47 2
1 48 9
1 49 1
2 0 3
2 1 5
2 2 9
2 3 8
2 4 4
2 5 0
2 6 7
2 7 6
2 8 3
2 9 6
2 10 1
2 11 5
2 12 4
2 13 2
2 14 0
2 15 9
2 16 7
2 17 3
2 18 7
2 19 2
2 20 6
2 21 0
2 22 1
2 23 6
2 24 5
2 25 7
2 26 5
2 27 4
2 28 1
2 29 2
2 30 0
2 31 0
2 32 1
2 33 4
2 34 6
2 35 0
2 36 7
2 37 1
2 38 7
2 39 7
2 40 7
2 41 7
2 42 3
2 43 3
2 44 5
2 45 9
2 46 9
2 47 8
2 48 1
2 49 8
3 0 2
3 1 6
3 2 6
3 3 0
3 4 3
3 5 8
3 6 0
3 7 1
3 8 2
3 9 5
3 10 0
3 11 9
3 12 4
3 13 7
3 14 8
3 15 3
3 16 5
3 17 1
3 18 2
3 19 0
3 20 1
3 21 6
3 22 4
3 23 0
3 24 6
3 25 1
3 26 8
3 27 9
3 28 8
3 29 4
3 30 1
3 31 4
3 32 3
3 33 9
3 34 8
3 35 8
3 36 0
3 37 8
3 38 7
3 39 7
3 40 8
3 41 3
3 42 8
3 43 3
3 44 7
3 45 1
3 46 0
3 47 7
3 48 3
3 49 4
4 0 9
4 1 6
4 2 5
4 3 1
4 4 0
4 5 9
4 6 9
4 7 6
4 8 8
4 9 3
4 10 4
4 11 8
4 12 4
4 13 9
4 14 9
4 15 2
4 16 5
4 17 5
4 18 3
4 19 3
4 20 3
4 21 7
4 22 4
4 23 3
4 24 8
4 25 0
4 26 8
4 27 8
4 28 0
4 29 6
4 30 8
4 31 1
4 32 9
4 33 8
4 34 9
4 35 7
4 36 2
4 37 2
4 38 8
4 39 2
4 40 8
4 41 9
4 42 0
4 43 7
4 44 8
4 45 1
4 46 5
4 47 8
4 48 6
4 49 1
5 0 2
5 1 4
5 2 2
5 3 5
5 4 8
5 5 6
5 6 2
5 7 6
5 8 5
5 9 3
5 10 9
5 11 2
5 12 4
5 13 6
5 14 1
5 15 8
5 16 2
5 17 1
5 18 1
5 19 9
5 20 7
5 21 6
5 22 2
5 23 9
5 24 5
5 25 2
5 26 0
5 27 0
5 28 3
5 29 9
5 30 1
5 31 8
5 32 1
5 33 9
5 34 5
5 35 3
5 36 2
5 37 5
5 38 2
5 39 5
5 40 8
5 41 6
5 42 7
5 43 7
5 44 2
5 45 2
5 46 9
5 47 4
5 48 1
5 49 9
6 0 6
6 1 9
6 2 8
6 3 2
6 4 5
6 5 5
6 6 4
6 7 9
6 8 1
6 9 2
6 10 5
6 11 0
6 12 8
6 13 3
6 14 9
6 15 3
6 16 9
6 17 6
6 18 7
6 19 9
6 20 9
6 21 7
6 22 6
6 23 9
6 24 3
6 25 5
6 26 7
6 27 6
6 28 6
6 29 5
6 30 8
6 31 2
6 32 5
6 33 4
6 34 4
6 35 1
6 36 6
6 37 1
6 38 6
6 39 3
6 40 3
6 41 5
6 42 5
6 43 3
6 44 2
6 45 8
6 46 2
6 47 5
6 48 3
6 49 6
7 0 1
7 1 8
7 2 6
7 3 2
7 4 1
7 5 4
7 6 6
7 7 2
7 8 9
7 9 1
7 10 5
7 11 0
7 12 3
7 13 6
7 14 4
7 15 9
7 16 2
7 17 9
7 18 3
7 19 4
7 20 4
7 21 0
7 22 5
7 23 9
7 24 6
7 25 3
7 26 4
7 27 2
7 28 8
7 29 8
7 30 7
7 31 5
7 32 8
7 33 1
7 34 2
7 35 5
7 36 7
7 37 4
7 38 4
7 39 4
7 40 4
7 41 4
7 42 2
7 43 9
7 44 3
7 45 0
7 46 7
7 47 7
7 48 8
7 49 7
8 0 3
8 1 0
8 2 3
8 3 8
8 4 2
8 5 5
8 6 2
8 7 0
8 8 3
8 9 7
8 10 2
8 11 9
8 12 7
8 13 5
8 14 3
8 15 4
8 16 3
8 17 2
8 18 1
8 19 1
8 20 3
8 21 2
8 22 5
8 23 3
8 24 5
8 25 1
8 26 2
8 27 2
8 28 2
8 29 6
8 30 4
8 31 0
8 32 7
8 33 0
8 34 3
8 35 4
8 36 0
8 37 0
8 38 5
8 39 3
8 40 1
8 41 0
8 42 6
8 43 7
8 44 5
8 45 0
8 46 0
8 47 4
8 48 5
8 49 4
9 0 9
9 1 5
9 2 6
9 3 4
9 4 8
9 5 2
9 6 1
9 7 6
9 8 8
9 9 3
9 10 1
9 11 4
9 12 8
9 13 4
9 14 9
9 15 2
9 16 0
9 17 7
9 18 0
9 19 6
9 20 0
9 21 7
9 22 0
9 23 5
9 24 6
9 25 7
9 26 3
9 27 8
9 28 4
9 29 9
9 30 2
9 31 6
9 32 5
9 33 7
9 34 7
9 35 4
9 36 5
9 37 7
9 38 9
9 39 8
9 40 3
9 41 0
9 42 2
9 43 2
9 44 3
9 45 6
9 46 7
9 47 1
9 48 5
9 49 5
10 0 4
10 1 0
10 2 2
10 3 6
10 4 0
10 5 6
10 6 1
10 7 1
10 8 1
10 9 7
10 10 3
10 11 0
10 12 0
10 13 4
10 14 8
10 15 3
10 16 0
10 17 1
10 18 2
10 19 9
10 20 0
10 21 3
10 22 8
10 23 8
10 24 5
10 25 7
10 26 7
10 27 0
10 28 8
10 29 9
10 30 3
10 31 0
10 32 7
10 33 4
10 34 7
10 35 8
10 36 3
10 37 7
10 38 1
10 39 0
10 40 0
10 41 8
10 42 3
10 43 4
10 44 5
10 45 0
10 46 1
10 47 4
10 48 5
10 49 6
11 0 2
11 1 0
11 2 3
11 3 5
11 4 6
11 5 6
11 6 6
11 7 7
11 8 6
11 9 7
11 10 7
11 11 1
11 12 9
11 13 1
11 14 6
11 15 2
11 16 7
11 17 2
11 18 7
11 19 6
11 20 5
11 21 1
11 22 3
11 23 9
11 24 9
11 25 5
11 26 9
11 27 2
11 28 6
11 29 5
11 30 3
11 31 2
11 32 4
11 33 4
11 34 4
11 35 2
11 36 7
11 37 9
11 38 2
11 39 3
11 40 7
11 41 3
11 42 1
11 43 5
11 44 7
11 45 8
11 46 5
11 47 8
11 48 3
11 49 2
12 0 4
12 1 1
12 2 1
12 3 5
12 4 9
12 5 5
12 6 1
12 7 0
12 8 6
12 9 4
12 10 5
12 11 3
12 12 0
12 13 8
12 14 9
12 15 1
12 16 3
12 17 4
12 18 7
12 19 4
12 20 6
12 21 3
12 22 6
12 23 5
12 24 2
12 25 8
12 26 1
12 27 0
12 28 3
12 29 1
12 30 5
12 31 5
12 32 2
12 33 2
12 34 1
12 35 7
12 36 4
12 37 8
12 38 2
12 39 3
12 40 6
12 41 3
12 42 0
12 43 3
12 44 5
12 45 2
12 46 8
12 47 0
12 48 7
12 49 2
13 0 2
13 1 5
13 2 9
13 3 1
13 4 0
13 5 8
13 6 5
13 7 0
13 8 7
13 9 9
13 10 0
13 11 5
13 12 3
13 13 4
13 14 1
13 15 0
13 16 4
13 17 8
13 18 5
13 19 9
13 20 2
13 21 5
13 22 4
13 23 1
13 24 3
13 25 9
13 26 5
13 27 8
13 28 2
13 29 7
13 30 9
13 31 6
13 32 1
13 33 7
13 34 7
13 35 1
13 36 9
13 37 0
13 38 3
13 39 4
13 40 1
13 41 7
13 42 5
13 43 3
13 44 3
13 45 2
13 46 4
13 47 1
13 48 2
13 49 9
14 0 0
14 1 8
14 2 7
14 3 4
14 4 5
14 5 6
14 6 8
14 7 0
14 8 7
14 9 7
14 10 4
14 11 3
14 12 1
14 13 3
14 14 6
14 15 3
14 16 0
14 17 1
14 18 9
14 19 0
14 20 4
14 21 2
14 22 9
14 23 3
14 24 1
14 25 4
14 26 8
14 27 2
14 28 0
14 29 5
14 30 5
14 31 9
14 32 3
14 33 2
14 34 8
14 35 7
14 36 4
14 37 8
14 38 1
14 39 4
14 40 3
14 41 5
14 42 5
14 43 2
14 44 6
14 45 8
14 46 9
14 47 2
14 48 9
14 49 5
15 0 9
15 1 4
15 2 5
15 3 0
15 4 5
15 5 8
15 6 8
15 7 0
15 8 1
15 9 3
15 10 2
15 11 2
15 12 2
15 13 7
15 14 0
15 15 3
15 16 1
15 17 3
15 18 3
15 19 7
15 20 0
15 21 9
15 22 5
15 23 5
15 24 8
15 25 3
15 26 7
15 27 8
15 28 3
15 29 7
15 30 9
15 31 3
15 32 9
15 33 1
15 34 8
15 35 2
15 36 8
15 37 0
15 38 1
15 39 8
15 40 4
15 41 8
15 42 6
15 43 0
15 44 9
15 45 3
15 46 0
15 47 0
15 48 8
15 49 7
16 0 6
16 1 3
16 2 5
16 3 6
16 4 5
16 5 8
16 6 3
16 7 9
16 8 4
16 9 8
16 10 3
16 11 9
16 12 7
16 13 6
16 14 4
16 15 5
16 16 8
16 17 6
16 18 1
16 19 5
16 20 5
16 21 1
16 22 9
16 23 6
16 24 4
16 25 5
16 26 4
16 27 2
16 28 5
16 29 3
16 30 2
16 31 6
16 32 8
16 33 2
16 34 6
16 35 6
16 36 3
16 37 9
16 38 4
16 39 5
16 40 6
16 41 2
16 42 5
16 43 3
16 44 5
16 45 6
16 46 6
16 47 1
16 48 4
16 49 4
17 0 6
17 1 2
17 2 6
17 3 8
17 4 2
17 5 5
17 6 5
17 7 1
17 8 0
17 9 1
17 10 5
17 11 1
17 12 7
17 13 6
17 14 0
17 15 0
17 16 2
17 17 4
17 18 3
17 19 3
17 20 6
17 21 2
17 22 8
17 23 2
17 24 3
17 25 4
17 26 3
17 27 4
17 28 3
17 29 6
17 30 8
17 31 4
17 32 7
17 33 3
17 34 9
17 35 8
17 36 0
17 37 0
17 38 8
17 39 8
17 40 0
17 41 5
17 42 1
17 43 4
17 44 3
17 45 6
17 46 3
17 47 9
17 48 2
17 49 1
18 0 9
18 1 8
18 2 2
18 3 3
18 4 4
18 5 0
18 6 2
18 7 3
18 8 1
18 9 9
18 10 8
18 11 9
18 12 8
18 13 9
18 14 1
18 15 3
18 16 5
18 17 1
18 18 4
18 19 2
18 20 5
18 21 3
18 22 8
18 23 9
18 24 2
18 25 8
18 26 7
18 27 0
18 28 1
18 29 4
18 30 8
18 31 1
18 32 9
18 33 3
18 34 5
18 35 9
18 36 7
18 37 9
18 38 8
18 39 0
18 40 1
18 41 4
18 42 7
18 43 5
18 44 5
18 45 5
18 46 0
18 47 9
18 48 2
18 49 8
19 0 2
19 1 4
19 2 5
19 3 0
19 4 4
19 5 4
19 6 0
19 7 5
19 8 1
19 9 1
19 10 5
19 11 9
19 12 0
19 13 8
19 14 3
19 15 8
19 16 7
19 17 2
19 18 6
19 19 9
19 20 3
19 21 8
19 22 1
19 23 0
19 24 3
19 25 3
19 26 8
19 27 4
19 28 8
19 29 0
19 30 1
19 31 5
19 32 4
19 33 1
19 34 3
19 35 7
19 36 3
19 37 5
19 38 8
19 39 5
19 40 6
19 41 9
19 42 0
19 43 8
19 44 9
19 45 3
19 46 6
19 47 0
19 48 6
19 49 9
20 0 7
20 1 8
20 2 9
20 3 4
20 4 1
20 5 5
20 6 6
20 7 6
20 8 6
20 9 6
20 10 6
20 11 7
20 12 1
20 13 4
20 14 0
20 15 6
20 16 1
20 17 2
20 18 1
20 19 4
20 20 9
20 21 5
20 22 2
20 23 3
20 24 4
20 25 1
20 26 5
20 27 2
20 28 3
20 29 1
20 30 6
20 31 8
20 32 8
20 33 2
20 34 7
20 35 7
20 36 1
20 37 2
20 38 6
20 39 0
20 40 4
20 41 9
20 42 4
20 43 6
20 44 0
20 45 3
20 46 6
20 47 2
20 48 4
20 49 5
21 0 8
21 1 8
21 2 1
21 3 2
21 4 1
21 5 4
21 6 9
21 7 8
21 8 2
21 9 4
21 10 5
21 11 2
21 12 9
21 13 9
21 14 8
21 15 3
21 16 8
21 17 6
21 18 9
21 19 8
21 20 6
21 21 6
21 22 2
21 23 3
21 24 8
21 25 2
21 26 6
21 27 2
21 28 7
21 29 5
21 30 7
21 31 8
21 32 2
21 33 7
21 34 8
21 35 0
21 36 2
21 37 0
21 38 8
21 39 9
21 40 2
21 41 8
21 42 2
21 43 0
21 44 5
21 45 5
21 46 2
21 47 7
21 48 6
21 49 7
22 0 8
22 1 7
22 2 8
22 3 1
22 4 6
22 5 0
22 6 9
22 7 5
22 8 8
22 9 9
22 10 0
22 11 0
22 12 0
22 13 7
22 14 2
22 15 5
22 16 5
22 17 2
22 18 1
22 19 4
22 20 8
22 21 6
22 22 4
22 23 6
22 24 8
22 25 9
22 26 8
22 27 3
22 28 5
22 29 5
22 30 1
22 31 5
22 32 5
22 33 8
22 34 4
22 35 0
22 36 5
22 37 4
22 38 7
22 39 2
22 40 1
22 41 4
22 42 9
22 43 9
22 44 0
22 45 3
22 46 0
22 47 3
22 48 5
22 49 0
23 0 7
23 1 6
23 2 7
23 3 8
23 4 3
23 5 6
23 6 4
23 7 4
23 8 1
23 9 9
23 10 5
23 11 5
23 12 7
23 13 4
23 14 7
23 15 3
23 16 4
23 17 0
23 18 8
23 19 8
23 20 1
23 21 5
23 22 2
23 23 3
23 24 2
23 25 4
23 26 6
23 27 6
23 28 6
23 29 2
23 30 9
23 31 0
23 32 4
23 33 9
23 34 3
23 35 1
23 36 1
23 37 9
23 38 9
23 39 5
23 40 5
23 41 5
23 42 6
23 43 0
23 44 5
23 45 9
23 46 4
23 47 6
23 48 3
23 49 4
24 0 9
24 1 0
24 2 5
24 3 3
24 4 9
24 5 1
24 6 2
24 7 8
24 8 8
24 9 1
24 10 8
24 11 6
24 12 0
24 13 2
24 14 4
24 15 9
24 16 0
24 17 2
24 18 2
24 19 1
24 20 5
24 21 4
24 22 4
24 23 4
24 24 2
24 25 5
24 26 0
24 27 4
24 28 2
24 29 1
24 30 2
24 31 7
24 32 7
24 33 9
24 34 5
24 35 5
24 36 4
24 37 0
24 38 3
24 39 4
24 40 1
24 41 2
24 42 2
24 43 9
24 44 8
24 45 2
24 46 2
24 47 7
24 48 8
24 49 5
25 0 8
25 1 3
25 2 9
25 3 4
25 4 4
25 5 6
25 6 9
25 7 8
25 8 5
25 9 6
25 10 6
25 11 0
25 12 7
25 13 2
25 14 7
25 15 2
25 16 6
25 17 4
25 18 7
25 19 1
25 20 3
25 21 2
25 22 1
25 23 6
25 24 3
25 25 8
25 26 3
25 27 2
25 28 8
25 29 6
25 30 0
25 31 1
25 32 2
25 33 6
25 34 0
25 35 5
25 36 4
25 37 6
25 38 7
25 39 9
25 40 3
25 41 4
25 42 7
25 43 8
25 44 8
25 45 1
25 46 6
25 47 3
25 48 8
25 49 7
26 0 6
26 1 1
26 2 7
26 3 2
26 4 3
26 5 7
26 6 8
26 7 5
26 8 8
26 9 5
26 10 8
26 11 7
26 12 3
26 13 3
26 14 1
26 15 0
26 16 8
26 17 1
26 18 0
26 19 9
26 20 2
26 21 4
26 22 9
26 23 1
26 24 5
26 25 7
26 26 3
26 27 3
26 28 4
26 29 2
26 30 2
26 31 0
26 32 1
26 33 2
26 34 7
26 35 7
26 36 0
26 37 2
26 38 4
26 39 1
26 40 0
26 41 3
26 42 7
26 43 3
26 44 9
26 45 5
26 46 9
26 47 7
26 48 2
26 49 0
27 0 2
27 1 8
27 2 6
27 3 7
27 4 0
27 5 8
27 6 1
27 7 8
27 8 3
27 9 0
27 10 3
27 11 6
27 12 2
27 13 0
27 14 2
27 15 8
27 16 4
27 17 1
27 18 8
27 19 3
27 20 7
27 21 5
27 22 8
27 23 1
27 24 7
27 25 0
27 26 4
27 27 8
27 28 8
27 29 1
27 30 3
27 31 6
27 32 7
27 33 8
27 34 9
27 35 5
27 36 5
27 37 5
27 38 6
27 39 6
27 40 3
27 41 0
27 42 0
27 43 8
27 44 8
27 45 2
27 46 3
27 47 0
27 48 6
27 49 5
28 0 0
28 1 9
28 2 7
28 3 2
28 4 2
28 5 8
28 6 2
28 7 9
28 8 4
28 9 4
28 10 8
28 11 2
28 12 7
28 13 2
28 14 5
28 15 8
28 16 4
28 17 7
28 18 3
28 19 9
28 20 5
28 21 1
28 22 9
28 23 0
28 24 2
28 25 8
28 26 3
28 27 1
28 28 4
28 29 3
28 30 1
28 31 0
28 32 4
28 33 0
28 34 7
28 35 9
28 36 0
28 37 8
28 38 1
28 39 4
28 40 0
28 41 7
28 42 9
28 43 5
28 44 3
28 45 8
28 46 2
28 47 3
28 48 2
28 49 1
29 0 0
29 1 4
29 2 0
29 3 7
29 4 5
29 5 9
29 6 0
29 7 5
29 8 1
29 9 2
29 10 0
29 11 9
29 12 8
29 13 9
29 14 1
29 15 7
29 16 3
29 17 3
29 18 0
29 19 7
29 20 6
29 21 6
29 22 0
29 23 2
29 24 8
29 25 9
29 26 8
29 27 9
29 28 9
29 29 9
29 30 4
29 31 2
29 32 0
29 33 8
29 34 7
29 35 8
29 36 7
29 37 3
29 38 0
29 39 7
29 40 6
29 41 4
29 42 2
29 43 1
29 44 9
29 45 1
29 46 6
29 47 0
29 48 3
29 49 3
30 0 6
30 1 2
30 2 2
30 3 1
30 4 4
30 5 3
30 6 2
30 7 6
30 8 0
30 9 5
30 10 4
30 11 9
30 12 6
30 13 0
30 14 8
30 15 2
30 16 7
30 17 4
30 18 0
30 19 7
30 20 6
30 21 0
30 22 1
30 23 2
30 24 9
30 25 3
30 26 8
30 27 5
30 28 1
30 29 5
30 30 6
30 31 6
30 32 8
30 33 8
30 34 9
30 35 8
30 36 7
30 37 0
30 38 7
30 39 9
30 40 1
30 41 5
30 42 8
30 43 6
30 44 3
30 45 9
30 46 4
30 47 5
30 48 3
30 49 8
31 0 2
31 1 3
31 2 9
31 3 4
31 4 8
31 5 5
31 6 1
31 7 3
31 8 2
31 9 8
31 10 1
31 11 6
31 12 4
31 13 6
31 14 7
31 15 7
31 16 9
31 17 6
31 18 4
31 19 1
31 20 9
31 21 2
31 22 6
31 23 3
31 24 1
31 25 5
31 26 9
31 27 7
31 28 0
31 29 2
31 30 6
31 31 1
31 32 7
31 33 6
31 34 2
31 35 5
31 36 3
31 37 4
31 38 0
31 39 7
31 40 5
31 41 5
31 42 3
31 43 1
31 44 8
31 45 8
31 46 8
31 47 0
31 48 1
31 49 7
32 0 5
32 1 0
32 2 5
32 3 9
32 4 0
32 5 9
32 6 3
32 7 5
32 8 4
32 9 2
32 10 7
32 11 2
32 12 6
32 13 7
32 14 2
32 15 2
32 16 0
32 17 1
32 18 1
32 19 7
32 20 5
32 21 9
32 22 1
32 23 8
32 24 1
32 25 7
32 26 8
32 27 6
32 28 6
32 29 9
32 30 9
32 31 2
32 32 6
32 33 6
32 34 5
32 35 8
32 36 4
32 37 0
32 38 3
32 39 7
32 40 8
32 41 3
32 42 1
32 43 1
32 44 2
32 45 5
32 46 7
32 47 6
32 48 2
32 49 1
33 0 6
33 1 1
33 2 1
33 3 5
33 4 7
33 5 4
33 6 8
33 7 5
33 8 6
33 9 4
33 10 9
33 11 8
33 12 4
33 13 3
33 14 2
33 15 5
33 16 3
33 17 8
33 18 3
33 19 2
33 20 7
33 21 0
33 22 6
33 23 8
33 24 0
33 25 1
33 26 1
33 27 9
33 28 5
33 29 3
33 30 6
33 31 3
33 32 1
33 33 5
33 34 3
33 35 4
33 36 0
33 37 3
33 38 1
33 39 7
33 40 9
33 41 0
33 42 3
33 43 5
33 44 2
33 45 9
33 46 1
33 47 2
33 48 6
33 49 1
34 0 7
34 1 0
34 2 1
34 3 5
34 4 2
34 5 2
34 6 9
34 7 0
34 8 5
34 9 1
34 10 8
34 11 3
34 12 6
34 13 8
34 14 8
34 15 6
34 16 1
34 17 6
34 18 6
34 19 7
34 20 0
34 21 4
34 22 9
34 23 8
34 24 9
34 25 4
34 26 9
34 27 8
34 28 7
34 29 5
34 30 6
34 31 4
34 32 8
34 33 6
34 34 8
34 35 7
34 36 8
34 37 0
34 38 9
34 39 5
34 40 6
34 41 9
34 42 0
34 43 0
34 44 1
34 45 3
34 46 5
34 47 5
34 48 8
34 49 0
35 0 1
35 1 7
35 2 7
35 3 4
35 4 6
35 5 7
35 6 0
35 7 7
35 8 4
35 9 1
35 10 2
35 11 1
35 12 8
35 13 3
35 14 5
35 15 7
35 16 1
35 17 4
35 18 7
35 19 6
35 20 8
35 21 2
35 22 3
35 23 0
35 24 2
35 25 7
35 26 8
35 27 8
35 28 5
35 29 9
35 30 7
35 31 1
35 32 3
35 33 4
35 34 7
35 35 1
35 36 3
35 37 7
35 38 1
35 39 2
35 40 7
35 41 5
35 42 3
35 43 4
35 44 4
35 45 5
35 46 5
35 47 1
35 48 4
35 49 1
36 0 2
36 1 6
36 2 6
36 3 3
36 4 3
36 5 0
36 6 0
36 7 8
36 8 1
36 9 3
36 10 8
36 11 1
36 12 6
36 13 9
36 14 8
36 15 0
36 16 1
36 17 3
36 18 9
36 19 3
36 20 9
36 21 3
36 22 6
36 23 5
36 24 5
36 25 4
36 26 0
36 27 5
36 28 0
36 29 6
36 30 5
36 31 5
36 32 1
36 33 8
36 34 9
36 35 6
36 36 2
36 37 2
36 38 5
36 39 0
36 40 5
36 41 2
36 42 5
36 43 2
36 44 0
36 45 6
36 46 7
36 47 2
36 48 8
36 49 0
37 0 0
37 1 6
37 2 8
37 3 3
37 4 0
37 5 6
37 6 4
37 7 3
37 8 7
37 9 0
37 10 5
37 11 2
37 12 0
37 13 7
37 14 5
37 15 6
37 16 1
37 17 8
37 18 1
37 19 8
37 20 5
37 21 6
37 22 5
37 23 9
37 24 2
37 25 6
37 26 5
37 27 2
37 28 3
37 29 2
37 30 1
37 31 2
37 32 2
37 33 8
37 34 8
37 35 8
37 36 7
37 37 4
37 38 0
37 39 0
37 40 5
37 41 9
37 42 9
37 43 5
37 44 3
37 45 0
37 46 9
37 47 9
37 48 5
37 49 1
38 0 1
38 1 1
38 2 2
38 3 3
38 4 3
38 5 9
38 6 7
38 7 2
38 8 3
38 9 3
38 10 0
38 11 4
38 12 8
38 13 4
38 14 3
38 15 9
38 16 2
38 17 4
38 18 9
38 19 0
38 20 5
38 21 7
38 22 4
38 23 7
38 24 6
38 25 6
38 26 3
38 27 0
38 28 9
38 29 0
38 30 8
38 31 0
38 32 1
38 33 5
38 34 1
38 35 0
38 36 3
38 37 9
38 38 5
38 39 8
38 40 9
38 41 6
38 42 2
38 43 5
38 44 7
38 45 6
38 46 3
38 47 8
38 48 5
38 49 9
39 0 3
39 1 0
39 2 2
39 3 5
39 4 1
39 5 5
39 6 7
39 7 7
39 8 9
39 9 4
39 10 1
39 11 7
39 12 8
39 13 5
39 14 7
39 15 8
39 16 8
39 17 4
39 18 2
39 19 3
39 20 8
39 21 4
39 22 1
39 23 3
39 24 0
39 25 4
39 26 1
39 27 7
39 28 7
39 29 2
39 30 1
39 31 3
39 32 1
39 33 3
39 34 1
39 35 5
39 36 1
39 37 5
39 38 0
39 39 5
39 40 1
39 41 2
39 42 2
39 43 1
39 44 5
39 45 5
39 46 3
39 47 8
39 48 9
39 49 2
40 0 8
40 1 4
40 2 2
40 3 7
40 4 5
40 5 8
40 6 4
40 7 0
40 8 9
40 9 4
40 10 4
40 11 3
40 12 5
40 13 8
40 14 4
40 15 1
40 16 0
40 17 3
40 18 3
40 19 4
40 20 0
40 21 6
40 22 7
40 23 5
40 24 5
40 25 6
40 26 0
40 27 9
40 28 8
40 29 3
40 30 5
40 31 7
40 32 9
40 33 0
40 34 4
40 35 8
40 36 7
40 37 4
40 38 0
40 39 2
40 40 3
40 41 5
40 42 4
40 43 1
40 44 6
40 45 6
40 46 4
40 47 5
40 48 2
40 49 9
41 0 1
41 1 2
41 2 4
41 3 9
41 4 9
41 5 3
41 6 7
41 7 6
41 8 5
41 9 8
41 10 7
41 11 8
41 12 9
41 13 7
41 14 7
41 15 1
41 16 6
41 17 5
41 18 0
41 19 1
41 20 3
41 21 2
41 22 6
41 23 0
41 24 5
41 25 7
41 26 4
41 27 4
41 28 9
41 29 0
41 30 6
41 31 1
41 32 1
41 33 9
41 34 0
41 35 4
41 36 2
41 37 1
41 38 9
41 39 7
41 40 0
41 41 9
41 42 3
41 43 3
41 44 3
41 45 1
41 46 3
41 47 5
41 48 6
41 49 9
42 0 5
42 1 9
42 2 8
42 3 8
42 4 3
42 5 9
42 6 5
42 7 1
42 8 3
42 9 6
42 10 2
42 11 8
42 12 8
42 13 1
42 14 9
42 15 8
42 16 1
42 17 3
42 18 3
42 19 4
42 20 3
42 21 9
42 22 2
42 23 7
42 24 2
42 25 1
42 26 7
42 27 6
42 28 1
42 29 7
42 30 3
42 31 0
42 32 6
42 33 0
42 34 2
42 35 5
42 36 6
42 37 0
42 38 7
42 39 2
42 40 0
42 41 9
42 42 5
42 43 4
42 44 3
42 45 2
42 46 5
42 47 6
42 48 0
42 49 8
43 0 8
43 1 1
43 2 5
43 3 7
43 4 5
43 5 7
43 6 9
43 7 2
43 8 3
43 9 7
43 10 2
43 11 7
43 12 9
43 13 3
43 14 6
43 15 3
43 16 8
43 17 1
43 18 0
43 19 6
43 20 8
43 21 7
43 22 6
43 23 5
43 24 1
43 25 2
43 26 9
43 27 5
43 28 6
43 29 1
43 30 5
43 31 4
43 32 1
43 33 3
43 34 8
43 35 5
43 36 0
43 37 9
43 38 2
43 39 1
43 40 3
43 41 3
43 42 5
43 43 2
43 44 9
43 45 0
43 46 4
43 47 8
43 48 5
43 49 7
44 0 3
44 1 3
44 2 0
44 3 3
44 4 0
44 5 3
44 6 2
44 7 1
44 8 1
44 9 0
44 10 8
44 11 1
44 12 8
44 13 7
44 14 2
44 15 8
44 16 9
44 17 2
44 18 3
44 19 0
44 20 2
44 21 8
44 22 2
44 23 5
44 24 5
44 25 8
44 26 1
44 27 2
44 28 4
44 29 9
44 30 8
44 31 8
44 32 2
44 33 7
44 34 1
44 35 7
44 36 9
44 37 5
44 38 0
44 39 3
44 40 4
44 41 0
44 42 1
44 43 5
44 44 3
44 45 4
44 46 2
44 47 3
44 48 2
44 49 9
45 0 4
45 1 9
45 2 2
45 3 4
45 4 9
45 5 0
45 6 4
45 7 4
45 8 9
45 9 8
45 10 5
45 11 3
45 12 2
45 13 3
45 14 0
45 15 1
45 16 7
45 17 1
45 18 9
45 19 8
45 20 8
45 21 3
45 22 2
45 23 9
45 24 3
45 25 3
45 26 2
45 27 8
45 28 3
45 29 4
45 30 0
45 31 2
45 32 0
45 33 1
45 34 2
45 35 1
45 36 0
45 37 7
45 38 6
45 39 6
45 40 8
45 41 0
45 42 5
45 43 8
45 44 8
45 45 9
45 46 5
45 47 7
45 48 3
45 49 2
46 0 2
46 1 2
46 2 0
46 3 0
46 4 2
46 5 3
46 6 1
46 7 6
46 8 8
46 9 7
46 10 7
46 11 2
46 12 8
46 13 7
46 14 9
46 15 5
46 16 9
46 17 2
46 18 9
46 19 1
46 20 3
46 21 0
46 22 8
46 23 1
46 24 9
46 25 2
46 26 0
46 27 2
46 28 4
46 29 7
46 30 5
46 31 8
46 32 1
46 33 0
46 34 0
46 35 7
46 36 1
46 37 6
46 38 9
46 39 3
46 40 0
46 41 3
46 42 7
46 43 3
46 44 0
46 45 4
46 46 3
46 47 2
46 48 3
46 49 1
47 0 0
47 1 2
47 2 7
47 3 7
47 4 1
47 5 3
47 6 0
47 7 7
47 8 0
47 9 3
47 10 6
47 11 3
47 12 1
47 13 9
47 14 5
47 15 6
47 16 1
47 17 5
47 18 1
47 19 0
47 20 9
47 21 7
47 22 3
47 23 0
47 24 8
47 25 1
47 26 5
47 27 1
47 28 7
47 29 1
47 30 7
47 31 9
47 32 4
47 33 9
47 34 8
47 35 0
47 36 0
47 37 1
47 38 8
47 39 5
47 40 0
47 41 8
47 42 9
47 43 2
47 44 8
47 45 0
47 46 8
47 47 5
47 48 1
47 49 4
48 0 7
48 1 3
48 2 6
48 3 1
48 4 6
48 5 8
48 6 0
48 7 8
48 8 6
48 9 5
48 10 7
48 11 1
48 12 0
48 13 2
48 14 8
48 15 3
48 16 5
48 17 5
48 18 6
48 19 1
48 20 4
48 21 9
48 22 3
48 23 8
48 24 3
48 25 2
48 26 3
48 27 3
48 28 7
48 29 3
48 30 0
48 31 1
48 32 4
48 33 8
48 34 7
48 35 8
48 36 9
48 37 8
48 38 9
48 39 7
48 40 9
48 41 1
48 42 9
48 43 5
48 44 8
48 45 9
48 46 6
48 47 9
48 48 3
48 49 3
49 0 1
49 1 4
49 2 1
49 3 4
49 4 5
49 5 7
49 6 6
49 7 3
49 8 4
49 9 6
49 10 3
49 11 8
49 12 3
49 13 4
49 14 2
49 15 7
49 16 8
49 17 9
49 18 0
49 19 1
49 20 4
49 21 0
49 22 7
49 23 3
49 24 4
49 25 9
49 26 4
49 27 5
49 28 6
49 29 8
49 30 9
49 31 8
49 32 9
49 33 9
49 34 7
49 35 0
49 36 8
49 37 4
49 38 5
49 39 6
49 40 9
49 41 3
49 42 6
49 43 2
49 44 0
49 45 0
49 46 6
49 47 5
49 48 1
49 49 6
1
9
7
3
5
0
0
6
5
1
8
2
7
2
4
5
2
2
5
8
6
9
8
3
5
5
0
5
8
1
5
0
7
3
4
1
5
6
4
1
7
0
4
0
6
1
0
5
5
2
